# QC Report — AccuSleePy Demo

**Generated by:** `scripts/03_quality_control.py`

**Predicted labels directory:** `AccuSleePy_Demo\outputs\predicted_labels`

**QC thresholds:**
- Wake proportion > 80%: flagged
- REM proportion  > 25%: flagged
- NREM proportion < 10%: flagged
- Unbroken single-stage run > 60 min (1440 epochs): flagged
- Confidence score ≤ 0.8: listed in low_confidence_epochs/ (not flagged)

**Decision rule:** Flagged recordings are NOT excluded from analysis. Flags are documented here for researcher review.

---

## Flagged Recordings (0 of 50)

No recordings were flagged.

---

## Low-Confidence Epoch Summary

Confidence threshold: ≤ 0.8. Per-recording CSVs in `low_confidence_epochs/`.

| Recording | N Low-Confidence | % of Total |
|---|---|---|
| Mouse01_Day1 | 7 | 0.12% |
| Mouse01_Day2 | 10 | 0.17% |
| Mouse01_Day3 | 15 | 0.26% |
| Mouse01_Day4 | 6 | 0.10% |
| Mouse01_Day5 | 7 | 0.12% |
| Mouse02_Day1 | 23 | 0.40% |
| Mouse02_Day2 | 28 | 0.49% |
| Mouse02_Day3 | 15 | 0.26% |
| Mouse02_Day4 | 17 | 0.30% |
| Mouse02_Day5 | 13 | 0.23% |
| Mouse03_Day1 | 11 | 0.19% |
| Mouse03_Day2 | 6 | 0.10% |
| Mouse03_Day3 | 9 | 0.16% |
| Mouse03_Day4 | 21 | 0.36% |
| Mouse03_Day5 | 14 | 0.24% |
| Mouse04_Day1 | 8 | 0.14% |
| Mouse04_Day2 | 5 | 0.09% |
| Mouse04_Day3 | 8 | 0.14% |
| Mouse04_Day4 | 8 | 0.14% |
| Mouse04_Day5 | 8 | 0.14% |
| Mouse05_Day1 | 15 | 0.26% |
| Mouse05_Day2 | 6 | 0.10% |
| Mouse05_Day3 | 10 | 0.17% |
| Mouse05_Day4 | 6 | 0.10% |
| Mouse05_Day5 | 12 | 0.21% |
| Mouse06_Day1 | 4 | 0.07% |
| Mouse06_Day2 | 7 | 0.12% |
| Mouse06_Day3 | 8 | 0.14% |
| Mouse06_Day4 | 1 | 0.02% |
| Mouse06_Day5 | 16 | 0.28% |
| Mouse07_Day1 | 10 | 0.17% |
| Mouse07_Day2 | 7 | 0.12% |
| Mouse07_Day3 | 5 | 0.09% |
| Mouse07_Day4 | 4 | 0.07% |
| Mouse07_Day5 | 7 | 0.12% |
| Mouse08_Day1 | 5 | 0.09% |
| Mouse08_Day2 | 7 | 0.12% |
| Mouse08_Day3 | 9 | 0.16% |
| Mouse08_Day4 | 9 | 0.16% |
| Mouse08_Day5 | 3 | 0.05% |
| Mouse09_Day1 | 25 | 0.43% |
| Mouse09_Day2 | 3 | 0.05% |
| Mouse09_Day3 | 5 | 0.09% |
| Mouse09_Day4 | 10 | 0.17% |
| Mouse09_Day5 | 7 | 0.12% |
| Mouse10_Day1 | 12 | 0.21% |
| Mouse10_Day2 | 6 | 0.10% |
| Mouse10_Day3 | 7 | 0.12% |
| Mouse10_Day4 | 7 | 0.12% |
| Mouse10_Day5 | 9 | 0.16% |

## Stage Proportion Summary (Predicted Labels)

| Recording | % Wake | % NREM | % REM | Flagged |
|---|---|---|---|---|
| Mouse01_Day1 | 33.8% | 54.8% | 11.4% |  |
| Mouse01_Day2 | 38.2% | 52.2% | 9.6% |  |
| Mouse01_Day3 | 28.6% | 58.8% | 12.6% |  |
| Mouse01_Day4 | 34.6% | 54.0% | 11.4% |  |
| Mouse01_Day5 | 28.8% | 59.3% | 11.9% |  |
| Mouse02_Day1 | 24.9% | 63.1% | 12.0% |  |
| Mouse02_Day2 | 25.4% | 62.0% | 12.6% |  |
| Mouse02_Day3 | 28.5% | 62.3% | 9.3% |  |
| Mouse02_Day4 | 38.5% | 51.2% | 10.3% |  |
| Mouse02_Day5 | 31.9% | 56.7% | 11.5% |  |
| Mouse03_Day1 | 24.9% | 59.7% | 15.3% |  |
| Mouse03_Day2 | 36.6% | 52.2% | 11.2% |  |
| Mouse03_Day3 | 20.6% | 64.5% | 14.9% |  |
| Mouse03_Day4 | 27.8% | 59.3% | 12.9% |  |
| Mouse03_Day5 | 19.3% | 65.7% | 15.0% |  |
| Mouse04_Day1 | 53.5% | 38.2% | 8.3% |  |
| Mouse04_Day2 | 46.4% | 44.2% | 9.4% |  |
| Mouse04_Day3 | 34.9% | 56.2% | 8.8% |  |
| Mouse04_Day4 | 35.5% | 52.3% | 12.3% |  |
| Mouse04_Day5 | 43.3% | 48.0% | 8.7% |  |
| Mouse05_Day1 | 42.6% | 47.6% | 9.8% |  |
| Mouse05_Day2 | 30.2% | 57.7% | 12.1% |  |
| Mouse05_Day3 | 30.4% | 61.4% | 8.2% |  |
| Mouse05_Day4 | 40.4% | 52.4% | 7.2% |  |
| Mouse05_Day5 | 34.3% | 55.8% | 9.9% |  |
| Mouse06_Day1 | 46.8% | 42.8% | 10.4% |  |
| Mouse06_Day2 | 41.7% | 51.1% | 7.1% |  |
| Mouse06_Day3 | 43.3% | 47.3% | 9.4% |  |
| Mouse06_Day4 | 47.6% | 45.4% | 7.0% |  |
| Mouse06_Day5 | 25.9% | 61.3% | 12.8% |  |
| Mouse07_Day1 | 29.5% | 58.1% | 12.4% |  |
| Mouse07_Day2 | 25.7% | 62.2% | 12.1% |  |
| Mouse07_Day3 | 32.8% | 56.3% | 10.9% |  |
| Mouse07_Day4 | 28.0% | 59.7% | 12.3% |  |
| Mouse07_Day5 | 34.6% | 55.1% | 10.3% |  |
| Mouse08_Day1 | 42.3% | 48.1% | 9.6% |  |
| Mouse08_Day2 | 28.7% | 58.5% | 12.9% |  |
| Mouse08_Day3 | 30.0% | 59.2% | 10.8% |  |
| Mouse08_Day4 | 43.9% | 48.1% | 8.0% |  |
| Mouse08_Day5 | 40.6% | 50.8% | 8.6% |  |
| Mouse09_Day1 | 32.8% | 53.9% | 13.3% |  |
| Mouse09_Day2 | 47.7% | 43.7% | 8.5% |  |
| Mouse09_Day3 | 35.7% | 55.1% | 9.2% |  |
| Mouse09_Day4 | 30.9% | 58.9% | 10.2% |  |
| Mouse09_Day5 | 32.1% | 54.4% | 13.4% |  |
| Mouse10_Day1 | 40.3% | 50.6% | 9.1% |  |
| Mouse10_Day2 | 44.2% | 48.6% | 7.2% |  |
| Mouse10_Day3 | 27.2% | 59.0% | 13.8% |  |
| Mouse10_Day4 | 33.3% | 55.7% | 11.1% |  |
| Mouse10_Day5 | 27.3% | 58.5% | 14.2% |  |

